4.81669		1.0
9.78439		1.0
0		1.0
0		1.0
22.3323		1.0
26.3299		1.0
29.8156		1.0
37.8319		1.0
43.3317		1.0
47.3148		1.0
53.8147		1.0
59.8146		1.0
65.331		1.0
69.3142		1.0
0		1.0
0		1.0
0		1.0
0		1.0
80.0637		1.0
85.0804		1.0
99.5799		1.0
104.563		1.0
108.063		1.0
116.063		1.0
120.829		1.0
124.812		1.0
128.312		1.0
133.312		1.0
138.079		1.0
143.062		1.0
146.562		1.0
154.561		1.0
160.078		1.0
164.061		1.0
170.561		1.0
175.577		1.0
180.327		1.0
184.31		1.0
187.81		1.0
195.827		1.0
199.827		1.0
204.81		1.0
209.31		1.0
215.326		1.0
219.326		1.0
224.309		1.0
230.809		1.0
235.826		1.0
0		1.0
0		1.0
240.559		1.0
246.575		1.0
258.075		1.0
262.075		1.0
265.575		1.0
273.574		1.0
277.591		1.0
282.574		1.0
287.074		1.0
292.074		1.0
297.59		1.0
301.573		1.0
305.073		1.0
310.073		1.0
314.84		1.0
318.823		1.0
322.323		1.0
328.323		1.0
333.089		1.0
337.072		1.0
341.572		1.0
346.572		1.0
0		1.0
0		1.0
349.822		1.0
357.822		1.0
369.338		1.0
376.321		1.0
380.821		1.0
385.821		1.0
389.837		1.0
393.82		1.0
400.32		1.0
405.32		1.0
409.337		1.0
413.32		1.0
416.82		1.0
421.836		1.0
426.586		1.0
431.569		1.0
435.069		1.0
440.086		1.0
444.086		1.0
451.069		1.0
454.569		1.0
462.585		1.0
466.585		1.0
473.568		1.0
0		1.0
0		1.0
485.084		1.0
492.084		1.0
496.567		1.0
501.584		1.0
506.334		1.0
510.333		1.0
516.833		1.0
522.833		1.0
527.6		1.0
534.583		1.0
538.083		1.0
544.082		1.0
549.599		1.0
554.582		1.0
561.082		1.0
566.082		1.0
570.098		1.0
574.081		1.0
577.581		1.0
582.581		1.0
586.598		1.0
593.581		1.0
600.08		1.0
606.08		1.0
611.597		1.0
616.58		1.0
621.08		1.0
627.08		1.0
631.096		1.0
636.079		1.0
640.579		1.0
646.579		1.0
651.346		1.0
658.329		1.0
661.829		1.0
667.845		1.0
673.345		1.0
677.328		1.0
681.828		1.0
687.844		1.0
691.844		1.0
698.827		1.0
703.327		1.0
709.344		1.0
713.344		1.0
0		1.0
0		1.0
0		1.0
732.843		1.0
736.826		1.0
740.326		1.0
745.343		1.0
749.342		1.0
0		1.0
0		1.0
0		1.0
765.859		1.0
0		1.0
0		1.0
0		1.0
